car_type,fuel_usage,gear_type
Hatchback,Petrol,automatic
Sedan,Petrol,automatic
Suv,Petrol,automatic
Suv,Petrol,automatic
Suv,Petrol,automatic
Suv,Petrol,automatic
Sedan,Petrol,automatic
Sedan,Petrol,automatic
Sedan,Petrol,automatic
About,Us,Terms
Sedan,Petrol,automatic
Mpv,Petrol,automatic
Sedan,Petrol,automatic
Hatchback,Petrol,manual
Sedan,Petrol,automatic
Sedan,Petrol,automatic
Sedan,Petrol,automatic
Pickup,Petrol,manual
Suv,Petrol,automatic
Mpv,Petrol,automatic
Sedan,Petrol,automatic
Sedan,Petrol,automatic
Suv,Petrol,automatic
Suv,Petrol,automatic
Suv,Petrol,automatic
About,Us,Terms
Suv,Petrol,automatic
Mpv,Petrol,automatic
Suv,Petrol,automatic
Suv,Petrol,automatic
Suv,Petrol,automatic
About,Us,Terms
Truck,Petrol,manual
Sedan,Petrol,automatic
About,Us,Terms
About,Us,Terms
About,Us,Terms
Sedan,Petrol,automatic
Suv,Petrol,automatic
Mpv,Petrol,automatic
Suv,Petrol,automatic
Sedan,Petrol,automatic
Suv,Petrol,automatic
About,Us,Terms
Sedan,Petrol,automatic
Sedan,Petrol,manual
Suv,Petrol,automatic
About,Us,Terms
Hatchback,Petrol,automatic
Mpv,Petrol,automatic
Sedan,Petrol,automatic
Sedan,Petrol,automatic
Sedan,Petrol,automatic
Sedan,Petrol,automatic
Sedan,Petrol,automatic
Sedan,Petrol,automatic
Mpv,Petrol,automatic
About,Us,Terms
Mpv,Petrol,automatic
Sedan,Petrol,automatic
Suv,Petrol,automatic
Sedan,Petrol,automatic
Sedan,Petrol,manual
Hatchback,Petrol,manual
Petrol,manual,
Sedan,Petrol,automatic
Sedan,Petrol,manual
Sedan,Petrol,automatic
Sedan,Petrol,automatic
Suv,Petrol,automatic
About,Us,Terms
Mpv,Petrol,automatic
Suv,Petrol,automatic
Sedan,Petrol,automatic
About,Us,Terms
Truck,Petrol,automatic
Sedan,Petrol,automatic
Sedan,Petrol,automatic
Sedan,Petrol,automatic
Sedan,Petrol,automatic
About,Us,Terms
Sedan,Petrol,automatic
Hatchback,Petrol,automatic
Sedan,Petrol,automatic
Sedan,Petrol,automatic
Sedan,Petrol,automatic
Sedan,Petrol,automatic
Sedan,Petrol,manual
Suv,Petrol,automatic
Sedan,Petrol,automatic
Suv,Petrol,automatic
Sedan,Petrol,automatic
Mpv,Petrol,automatic
About,Us,Terms
Hatchback,Petrol,automatic
Sedan,Petrol,automatic
Coupe,Petrol,automatic
Sedan,Petrol,automatic
Suv,Petrol,automatic
Sedan,Petrol,manual
Sedan,Petrol,automatic
Suv,Petrol,automatic
Suv,Petrol,automatic
Sedan,Petrol,automatic
Sedan,Petrol,automatic
Sedan,Petrol,automatic
Sedan,Petrol,automatic
About,Us,Terms
Suv,Petrol,automatic
Mpv,Petrol,automatic
Suv,Petrol,automatic
Mpv,Petrol,manual
Sedan,Petrol,automatic
Sedan,Petrol,automatic
Mpv,Petrol,automatic
Sedan,Petrol,automatic
Suv,Petrol,automatic
About,Us,Terms
Sedan,Petrol,automatic
About,Us,Terms
About,Us,Terms
Suv,Petrol,automatic
Sedan,Petrol,automatic
Sedan,Petrol,automatic
Suv,Petrol,automatic
Hatchback,Petrol,automatic
Sedan,Petrol,automatic
Petrol,manual,
Sedan,Petrol,automatic
Sedan,Petrol,automatic
About,Us,Terms
Sedan,Petrol,automatic
Petrol,automatic,
Sedan,Petrol,automatic
Suv,Petrol,automatic
Sedan,Petrol,automatic
Sedan,Petrol,automatic
Sedan,Petrol,automatic
Sedan,Petrol,automatic
About,Us,Terms
Sedan,Petrol,automatic
Suv,Petrol,automatic
Suv,Petrol,automatic
Sedan,Petrol,automatic
Sedan,Petrol,automatic
Suv,Petrol,automatic
Sedan,Petrol,automatic
About,Us,Terms
Sedan,Petrol,manual
Sedan,Petrol,automatic
Suv,Petrol,automatic
Hatchback,Petrol,automatic
Sedan,Petrol,automatic
Suv,Petrol,automatic
Sedan,Petrol,automatic
Sedan,Petrol,automatic
Sedan,Petrol,automatic
Hatchback,Petrol,automatic
Sedan,Petrol,automatic
About,Us,Terms
Sedan,Petrol,automatic
Suv,Petrol,automatic
Sedan,Petrol,manual
Suv,Petrol,automatic
About,Us,Terms
Sedan,Petrol,automatic
Sedan,Petrol,automatic
Sedan,Petrol,automatic
Sedan,Petrol,automatic
Sedan,Petrol,automatic
Hatchback,Petrol,automatic
Suv,Petrol,automatic
Sedan,Petrol,automatic
Sedan,Petrol,automatic
Sedan,Petrol,automatic
About,Us,Terms
Sedan,Petrol,automatic
Suv,Petrol,automatic
Sedan,Petrol,automatic
Mpv,Petrol,automatic
Sedan,Petrol,automatic
Petrol,automatic,
Sedan,Petrol,automatic
Sedan,Petrol,automatic
Petrol,automatic,
Sedan,Petrol,automatic
About,Us,Terms
About,Us,Terms
Sedan,Petrol,automatic
Suv,Petrol,automatic
Sedan,Petrol,automatic
Truck,Petrol,manual
Suv,Petrol,automatic
Suv,Petrol,automatic
Sedan,Petrol,automatic
Suv,Petrol,automatic
Sedan,Petrol,automatic
Sedan,Petrol,automatic
Petrol,automatic,
Hatchback,Petrol,automatic
Suv,Petrol,automatic
Sedan,Petrol,automatic
Mpv,Petrol,automatic
Sedan,Petrol,automatic
Sedan,Petrol,automatic
Sedan,Petrol,automatic
About,Us,Terms
Petrol,automatic,
Sedan,Petrol,automatic
Sedan,Petrol,automatic
Crossover,Petrol,automatic
Suv,Petrol,automatic
Suv,Petrol,automatic
Pickup,Petrol,manual
Suv,Petrol,automatic
About,Us,Terms
Sedan,Petrol,automatic
About,Us,Terms
About,Us,Terms
Mpv,Petrol,automatic
About,Us,Terms
Sedan,Petrol,automatic
Sedan,Petrol,automatic
Mpv,Petrol,automatic
Sedan,Petrol,manual
About,Us,Terms
Suv,Petrol,automatic
Sedan,Petrol,automatic
Sedan,Petrol,automatic
Suv,Petrol,automatic
Sedan,Petrol,automatic
Suv,Petrol,automatic
Sedan,Petrol,automatic
Suv,Petrol,automatic
Suv,Petrol,automatic
Suv,Petrol,automatic
Suv,Petrol,automatic
Sedan,Petrol,manual
Sedan,Petrol,automatic
Mpv,Petrol,automatic
Sedan,Petrol,automatic
Sedan,Petrol,automatic
Sedan,Petrol,automatic
Mpv,Petrol,automatic
Sedan,Petrol,automatic
Sedan,Petrol,manual
About,Us,Terms
Petrol,automatic,
Sedan,Petrol,automatic
Mpv,Petrol,manual
Hatchback,Petrol,automatic
Pickup,Petrol,automatic
Sedan,Petrol,automatic
Suv,Petrol,automatic
Sedan,Petrol,automatic
Sedan,Petrol,automatic
About,Us,Terms
Sedan,Petrol,automatic
Crossover,Petrol,automatic
Hatchback,Petrol,automatic
Sedan,Petrol,automatic
Sedan,Petrol,automatic
Sedan,Petrol,automatic
Sedan,Petrol,automatic
Sedan,Petrol,manual
About,Us,Terms
Sedan,Petrol,automatic
About,Us,Terms
Sedan,Petrol,automatic
Sedan,Petrol,automatic
Sedan,Petrol,automatic
Sedan,Petrol,automatic
About,Us,Terms
Sedan,Petrol,automatic
Suv,Petrol,automatic
Sedan,Petrol,automatic
Suv,Petrol,automatic
Bus,Petrol,automatic
Suv,Petrol,automatic
Sedan,Petrol,automatic
Sedan,Petrol,automatic
Sedan,Petrol,automatic
Suv,Petrol,automatic
Sedan,Petrol,automatic
About,Us,Terms
Sedan,Petrol,automatic
About,Us,Terms
Truck,Petrol,manual
Sedan,Petrol,automatic
Sedan,Petrol,automatic
Sedan,Petrol,automatic
Sedan,Petrol,automatic
Mpv,Petrol,automatic
Suv,Petrol,automatic
About,Us,Terms
Sedan,Petrol,manual
Sedan,Petrol,automatic
About,Us,Terms
Sedan,Petrol,automatic
Hatchback,Petrol,automatic
Suv,Petrol,automatic
Sedan,Petrol,automatic
Sedan,Petrol,automatic
Sedan,Petrol,automatic
Sedan,Petrol,automatic
About,Us,Terms
Sedan,Petrol,manual
Suv,Petrol,automatic
Suv,Petrol,automatic
Sedan,Petrol,automatic
Sedan,Petrol,automatic
Sedan,Petrol,automatic
About,Us,Terms
Sedan,Petrol,automatic
Sedan,Petrol,automatic
Sedan,Petrol,automatic
Hatchback,Petrol,manual
About,Us,Terms
Sedan,Petrol,automatic
Suv,Petrol,automatic
Sedan,Petrol,automatic
Sedan,Petrol,automatic
Suv,Petrol,automatic
Sedan,Petrol,automatic
Sedan,Petrol,automatic
Sedan,Petrol,automatic
Suv,Petrol,automatic
Sedan,Petrol,automatic
Sedan,Petrol,automatic
Sedan,Petrol,automatic
Sedan,Petrol,automatic
Suv,Petrol,automatic
Sedan,Petrol,automatic
Suv,Petrol,automatic
Sedan,Petrol,automatic
Sedan,Petrol,automatic
Sedan,Petrol,automatic
Suv,Petrol,automatic
Hatchback,Petrol,manual
Sedan,Petrol,automatic
Mpv,Petrol,automatic
Suv,Petrol,automatic
Suv,Petrol,automatic
Suv,Petrol,automatic
Sedan,Petrol,automatic
Suv,Petrol,automatic
About,Us,Terms
Sedan,Petrol,automatic
Convertible,Petrol,automatic
Mpv,Petrol,automatic
Sedan,Petrol,automatic
Sedan,Petrol,automatic
About,Us,Terms
Suv,Petrol,automatic
Sedan,Petrol,automatic
Sedan,Petrol,automatic
Sedan,Petrol,automatic
,missing,automatic
Suv,Petrol,automatic
Suv,Petrol,automatic
Sedan,Petrol,automatic
Sedan,Petrol,automatic
Coupe,Petrol,automatic
Hatchback,Petrol,automatic
Sedan,Petrol,automatic
Bus,Petrol,automatic
Suv,Petrol,automatic
Sedan,Petrol,automatic
Sedan,Petrol,automatic
Mpv,Petrol,automatic
Pickup,Petrol,automatic
Sedan,Petrol,automatic
Sedan,Petrol,automatic
Sedan,Petrol,manual
Sedan,Petrol,automatic
Mpv,Petrol,automatic
Sedan,Petrol,automatic
Suv,Petrol,automatic
Sedan,Petrol,automatic
Sedan,Petrol,automatic
Hatchback,Petrol,automatic
Mpv,Petrol,automatic
Mpv,Petrol,automatic
Petrol,manual,
Suv,Petrol,automatic
Mpv,Petrol,automatic
Suv,Petrol,automatic
About,Us,Terms
Sedan,Petrol,automatic
Suv,Petrol,automatic
Suv,Petrol,automatic
Sedan,Petrol,automatic
Suv,Petrol,automatic
Pickup,Petrol,automatic
Suv,Petrol,automatic
Sedan,Petrol,automatic
Coupe,Petrol,automatic
Suv,Petrol,automatic
Sedan,Petrol,automatic
Suv,Petrol,automatic
Sedan,Petrol,automatic
Coupe,Petrol,automatic
Suv,Petrol,automatic
Sedan,Petrol,automatic
Suv,Petrol,automatic
Sedan,Petrol,automatic
Sedan,Petrol,automatic
Sedan,Petrol,automatic
Sedan,Petrol,automatic
About,Us,Terms
Sedan,Petrol,automatic
Sedan,Petrol,automatic
Suv,Petrol,automatic
Suv,Hybrid,automatic
Sedan,Petrol,automatic
Sedan,Petrol,automatic
Sedan,Petrol,automatic
Sedan,Petrol,automatic
Sedan,Petrol,automatic
Sedan,Petrol,automatic
About,Us,Terms
Suv,Petrol,automatic
Sedan,Petrol,automatic
Sedan,Petrol,automatic
Sedan,Petrol,automatic
Suv,Petrol,automatic
Sedan,Petrol,automatic
Sedan,Petrol,automatic
Sedan,Petrol,automatic
Suv,Petrol,automatic
Sedan,Petrol,automatic
Sedan,Petrol,manual
Hatchback,Petrol,automatic
Suv,Petrol,automatic
Suv,Petrol,automatic
Truck,Petrol,automatic
Sedan,Petrol,automatic
Suv,Petrol,automatic
Sedan,Petrol,automatic
Sedan,Petrol,automatic
Sedan,Petrol,automatic
Sedan,Petrol,automatic
Sedan,Petrol,automatic
Mpv,Petrol,automatic
Sedan,Petrol,automatic
Sedan,Petrol,automatic
Sedan,Petrol,automatic
Hatchback,Petrol,manual
Hatchback,Petrol,automatic
Sedan,Petrol,automatic
Mpv,Petrol,automatic
Mpv,Petrol,automatic
Suv,Petrol,automatic
Mpv,Petrol,automatic
Sedan,Petrol,automatic
Sedan,Petrol,automatic
Suv,Petrol,automatic
Suv,Petrol,automatic
Sedan,Petrol,automatic
Sedan,Petrol,automatic
Sedan,Petrol,automatic
,missing,automatic
Sedan,Petrol,automatic
Sedan,Petrol,automatic
Suv,Petrol,automatic
Sedan,Petrol,automatic
Suv,Petrol,automatic
Sedan,Petrol,automatic
Suv,Petrol,automatic
Suv,Petrol,automatic
Sedan,Petrol,automatic
Suv,Petrol,automatic
Hatchback,Petrol,automatic
Sedan,Petrol,automatic
Sedan,Petrol,automatic
Sedan,Petrol,automatic
Suv,Petrol,automatic
Sedan,Petrol,automatic
Sedan,Petrol,automatic
Sedan,Petrol,manual
Suv,Petrol,automatic
Sedan,Petrol,automatic
Suv,Petrol,automatic
Sedan,Petrol,automatic
Suv,Petrol,automatic
Suv,Petrol,automatic
Suv,Petrol,automatic
Suv,Petrol,automatic
Sedan,Petrol,automatic
Hatchback,Petrol,manual
Sedan,Petrol,automatic
Truck,Petrol,automatic
Suv,Petrol,automatic
Sedan,Petrol,automatic
Sedan,Hybrid,automatic
Suv,Petrol,automatic
Sedan,Petrol,automatic
Sedan,Petrol,manual
Hatchback,Hybrid,automatic
Sedan,Petrol,automatic
Suv,Petrol,automatic
Sedan,Petrol,automatic
Mpv,Petrol,automatic
About,Us,Terms
Sedan,Petrol,automatic
Sedan,Petrol,automatic
Suv,Petrol,automatic
Hatchback,Petrol,automatic
Suv,Petrol,automatic
Suv,Petrol,automatic
Suv,Petrol,automatic
Sedan,Petrol,automatic
Mpv,Petrol,automatic
About,Us,Terms
Bus,Petrol,automatic
Sedan,Petrol,automatic
Sedan,Petrol,automatic
Sedan,Petrol,manual
Suv,Petrol,automatic
Sedan,Petrol,automatic
Petrol,automatic,
Sedan,Petrol,automatic
About,Us,Terms
Sedan,Petrol,automatic
About,Us,Terms
Suv,Petrol,automatic
Sedan,Petrol,automatic
Sedan,Petrol,automatic
Sedan,Petrol,automatic
Sedan,Petrol,automatic
Sedan,Petrol,automatic
Bus,Petrol,manual
Suv,Petrol,automatic
Hatchback,Hybrid,automatic
Suv,Petrol,automatic
Sedan,Petrol,automatic
Sedan,Petrol,automatic
Sedan,Petrol,automatic
Sedan,Petrol,automatic
Sedan,Petrol,automatic
Suv,Petrol,automatic
Suv,Petrol,automatic
Sedan,Petrol,automatic
Sedan,Petrol,automatic
Suv,Petrol,automatic
Sedan,Petrol,automatic
Suv,Petrol,automatic
Suv,Petrol,automatic
Suv,Petrol,automatic
Sedan,Petrol,automatic
Hatchback,Petrol,automatic
About,Us,Terms
Mpv,Petrol,automatic
Suv,Petrol,automatic
About,Us,Terms
Sedan,Petrol,automatic
Sedan,Petrol,automatic
Sedan,Petrol,automatic
Suv,Petrol,automatic
Hatchback,Petrol,automatic
Suv,Petrol,automatic
Sedan,Petrol,automatic
Sedan,Petrol,automatic
Suv,Petrol,automatic
About,Us,Terms
Sedan,Petrol,automatic
About,Us,Terms
Sedan,Petrol,automatic
Petrol,automatic,
Sedan,Petrol,automatic
Sedan,Petrol,automatic
Hatchback,Petrol,automatic
Sedan,Petrol,automatic
Suv,Petrol,automatic
Sedan,Petrol,automatic
Sedan,Petrol,automatic
Sedan,Petrol,automatic
Sedan,Petrol,automatic
Suv,Diesel,automatic
Sedan,Petrol,automatic
Sedan,Petrol,automatic
Sedan,Petrol,automatic
Sedan,Petrol,automatic
Suv,Petrol,automatic
Sedan,Petrol,automatic
Sedan,Petrol,automatic
Suv,Petrol,automatic
Suv,Petrol,automatic
Sedan,Petrol,automatic
Suv,Petrol,automatic
Sedan,Petrol,automatic
Sedan,Petrol,automatic
Suv,Petrol,automatic
Hatchback,Petrol,automatic
Suv,Petrol,automatic
Suv,Petrol,automatic
Sedan,Petrol,automatic
Sedan,Petrol,automatic
Sedan,Petrol,automatic
Sedan,Petrol,automatic
Suv,Petrol,automatic
Sedan,Petroleum,Gas
Sedan,Petrol,automatic
Hatchback,Petrol,manual
Sedan,Petrol,automatic
Pickup,Petrol,automatic
Sedan,Petrol,automatic
Sedan,Petrol,manual
Suv,Petrol,automatic
Bus,Petrol,automatic
Sedan,Petrol,automatic
Suv,Petrol,automatic
About,Us,Terms
About,Us,Terms
Sedan,Petrol,manual
Sedan,Petrol,automatic
Sedan,Petrol,manual
Sedan,Petrol,automatic
Sedan,Petrol,automatic
Sedan,Petrol,automatic
Sedan,Petrol,automatic
Sedan,Petrol,automatic
Sedan,Petrol,automatic
Sedan,Petrol,automatic
Suv,Petrol,automatic
Suv,Petrol,automatic
Sedan,Petrol,automatic
Suv,Petrol,automatic
About,Us,Terms
Suv,Petrol,automatic
Sedan,Petrol,automatic
Hatchback,Petrol,automatic
Pickup,Petrol,automatic
Sedan,Petrol,automatic
Suv,Petrol,automatic
Mpv,Petrol,automatic
Suv,Petrol,automatic
Suv,Petrol,automatic
Suv,Petrol,automatic
Sedan,Petrol,automatic
Mpv,Petrol,automatic
Sedan,Petrol,automatic
Mpv,Petrol,automatic
Sedan,Petrol,automatic
Sedan,Petrol,automatic
Sedan,Petrol,automatic
Suv,Petrol,automatic
Mpv,Petrol,automatic
Sedan,Petrol,automatic
Sedan,Petrol,automatic
Suv,Petrol,automatic
Suv,Hybrid,automatic
Suv,Petrol,automatic
Sedan,Petrol,automatic
Sedan,Petrol,automatic
Suv,Petrol,automatic
Suv,Petrol,automatic
Sedan,Petrol,automatic
Coupe,Petrol,automatic
Sedan,Petrol,automatic
Hatchback,Petrol,automatic
Sedan,Petrol,automatic
Hatchback,Petrol,automatic
Mpv,Petrol,automatic
Sedan,Petrol,manual
Sedan,Petrol,automatic
Sedan,Petrol,automatic
Mpv,Petrol,automatic
Sedan,Petrol,automatic
Suv,Petrol,automatic
Suv,Petrol,automatic
Suv,Petrol,automatic
About,Us,Terms
Bus,Petrol,automatic
Sedan,Petrol,automatic
Suv,Petrol,automatic
Truck,Petrol,automatic
Sedan,Petrol,automatic
Sedan,Petrol,automatic
Sedan,Petrol,automatic
Truck,Petrol,manual
Suv,Petrol,automatic
Sedan,Petrol,automatic
Sedan,Petrol,automatic
About,Us,Terms
Mpv,Petrol,automatic
Suv,Petrol,automatic
Truck,Petrol,manual
Mpv,Petrol,automatic
Sedan,Petrol,automatic
About,Us,Terms
Sedan,Petrol,automatic
Sedan,Petrol,manual
About,Us,Terms
Sedan,Petrol,automatic
Suv,Petrol,automatic
About,Us,Terms
Sedan,Petrol,automatic
Sedan,Petrol,automatic
Pickup,Petrol,manual
Sedan,Petrol,automatic
Sedan,Petrol,automatic
Suv,Petrol,automatic
Sedan,Petrol,automatic
Suv,Petrol,automatic
Suv,Petrol,automatic
Suv,Petrol,automatic
Sedan,Petrol,manual
Suv,Petrol,automatic
Sedan,Petrol,automatic
Mpv,Petrol,automatic
Coupe,Petrol,automatic
Suv,Petrol,automatic
Petrol,automatic,
Sedan,Petrol,automatic
Mpv,Petrol,automatic
Mpv,Petrol,automatic
Bus,Petrol,automatic
Sedan,Petrol,automatic
Hatchback,Petrol,automatic
Sedan,Petrol,automatic
Sedan,Petrol,automatic
Suv,Petrol,automatic
Suv,Petrol,automatic
Crossover,Petrol,automatic
Suv,Petrol,automatic
Sedan,Petrol,automatic
Sedan,Petrol,automatic
Suv,Petrol,automatic
Sedan,Petrol,automatic
Sedan,Petrol,automatic
Suv,Petrol,automatic
Sedan,Petrol,automatic
Suv,Petrol,automatic
Sedan,Petrol,automatic
Sedan,Petrol,automatic
Suv,Petrol,automatic
Mpv,Petrol,automatic
Mpv,Petrol,automatic
Sedan,Petrol,automatic
Suv,Petrol,automatic
Mpv,Petrol,automatic
Mpv,Petrol,automatic
About,Us,Terms
Suv,Petrol,automatic
Suv,Petrol,automatic
Sedan,Petrol,automatic
Suv,Petrol,automatic
Suv,Petrol,automatic
Mpv,Petrol,automatic
Mpv,Petrol,manual
Coupe,Petrol,automatic
Suv,Petrol,automatic
Sedan,Petrol,automatic
Suv,Petrol,automatic
Sedan,Petrol,automatic
Mpv,Petrol,automatic
Sedan,Petrol,automatic
Sedan,Petrol,automatic
Petrol,automatic,
Bus,Petrol,automatic
Petrol,automatic,
Pickup,Petrol,automatic
Sedan,Petrol,automatic
Coupe,Petrol,automatic
Suv,Petrol,automatic
Sedan,Petrol,automatic
Suv,Petrol,automatic
Petrol,automatic,
Mpv,Petrol,automatic
Suv,Petrol,automatic
Sedan,Petrol,automatic
Suv,Petrol,automatic
About,Us,Terms
Hatchback,Petrol,automatic
Pickup,Petrol,automatic
Sedan,Petrol,automatic
Hatchback,Petrol,manual
Sedan,Petrol,automatic
Suv,Petrol,automatic
About,Us,Terms
Petrol,automatic,
Sedan,Petrol,automatic
Suv,Petrol,automatic
Sedan,Petrol,automatic
Sedan,Petrol,automatic
Suv,Petrol,automatic
Truck,Petrol,automatic
Sedan,Petrol,automatic
Suv,Petrol,automatic
Sedan,Petrol,automatic
Suv,Petrol,automatic
Sedan,Petrol,automatic
Sedan,Petrol,automatic
Sedan,Petrol,automatic
Sedan,Petrol,automatic
Sedan,Petrol,automatic
Suv,Petrol,automatic
Petrol,automatic,
Coupe,Petrol,manual
Sedan,Petrol,automatic
Sedan,Petrol,automatic
Sedan,Petrol,automatic
Truck,Petrol,automatic
Sedan,Petrol,automatic
Suv,Petrol,automatic
Sedan,Petrol,automatic
Sedan,Petrol,automatic
Suv,Petrol,automatic
Sedan,Petrol,automatic
Sedan,Petrol,automatic
Sedan,Petrol,automatic
Truck,Petrol,automatic
Suv,Petrol,automatic
Sedan,Hybrid,automatic
Suv,Petrol,automatic
Sedan,Petrol,automatic
Sedan,Petrol,automatic
Sedan,Petrol,automatic
Mpv,Petrol,automatic
Sedan,Petrol,automatic
Sedan,Petrol,automatic
Sedan,Petrol,automatic
Hatchback,Petrol,automatic
Sedan,Petrol,automatic
Mpv,Petrol,automatic
Suv,Petrol,automatic
About,Us,Terms
Suv,Petrol,automatic
Sedan,Petrol,manual
Sedan,Petrol,automatic
Suv,Petrol,automatic
Sedan,Petrol,manual
Sedan,Petrol,automatic
Sedan,Petrol,automatic
Coupe,Petrol,automatic
Sedan,Petrol,automatic
Suv,Petrol,automatic
Suv,Petrol,automatic
Suv,Petrol,automatic
Sedan,Petrol,automatic
Suv,Petrol,automatic
Hatchback,Petrol,manual
Sedan,Petrol,automatic
Suv,Petrol,automatic
Suv,Petrol,automatic
Mpv,Petrol,automatic
Crossover,Petrol,automatic
Sedan,Petrol,automatic
Suv,Petrol,automatic
Sedan,Petrol,automatic
Mpv,Petrol,automatic
Sedan,Petrol,automatic
Sedan,Petrol,automatic
Petrol,automatic,
Mpv,Petrol,automatic
Sedan,Petrol,automatic
Mpv,Petrol,automatic
Sedan,Hybrid,automatic
Suv,Petrol,automatic
Suv,Petrol,automatic
Mpv,Petrol,manual
Suv,Petrol,automatic
Suv,Petrol,automatic
Sedan,Petrol,automatic
Suv,Petrol,automatic
Suv,Petrol,automatic
Mpv,Petrol,automatic
Sedan,Petrol,automatic
Sedan,Petrol,automatic
Sedan,Petrol,automatic
Sedan,Petrol,automatic
Pickup,Petrol,automatic
Sedan,Petrol,automatic
Sedan,Petrol,automatic
Suv,Petrol,automatic
Suv,Petrol,automatic
Mpv,Petrol,automatic
Suv,Petrol,automatic
Sedan,Petrol,automatic
Mpv,Petrol,automatic
Petrol,automatic,
Sedan,Petrol,automatic
Sedan,Petrol,automatic
Hatchback,Petrol,automatic
Suv,Petrol,automatic
Sedan,Petrol,automatic
Sedan,Petrol,automatic
About,Us,Terms
About,Us,Terms
Sedan,Petrol,automatic
Sedan,Petrol,automatic
Suv,Petrol,automatic
Suv,Petrol,automatic
Sedan,Petrol,automatic
Mpv,Petrol,automatic
Sedan,Petrol,automatic
Mpv,Petrol,automatic
Suv,Petrol,automatic
Sedan,Petrol,automatic
Mpv,Petrol,automatic
Sedan,Petrol,automatic
Bus,Petrol,automatic
Suv,Petrol,automatic
Suv,Petrol,automatic
Suv,Petrol,automatic
Sedan,Petrol,automatic
About,Us,Terms
Sedan,Petrol,automatic
Hatchback,Petrol,automatic
Suv,Petrol,automatic
Mpv,Petrol,automatic
Sedan,Petrol,automatic
Mpv,Petrol,manual
Suv,Petrol,automatic
Suv,Petrol,automatic
Sedan,Petrol,automatic
Suv,Petrol,automatic
Petrol,manual,
Suv,Petrol,automatic
Sedan,Petrol,automatic
Sedan,Petrol,automatic
Suv,Petrol,automatic
Petrol,automatic,
Suv,Petrol,automatic
Suv,Petrol,automatic
Suv,Petrol,automatic
Mpv,Petrol,automatic
Hatchback,Petrol,automatic
Mpv,Petrol,automatic
Suv,Petrol,automatic
Suv,Petrol,automatic
Sedan,Petrol,manual
Sedan,Petrol,automatic
Sedan,Petrol,automatic
Suv,Petrol,automatic
Mpv,Petrol,automatic
Sedan,Petrol,automatic
Sedan,Petrol,automatic
Suv,Petrol,automatic
Sedan,Petrol,automatic
Sedan,Petrol,automatic
Sedan,Petrol,automatic
Sedan,Petrol,automatic
About,Us,Terms
Sedan,Petrol,automatic
Suv,Petrol,automatic
Sedan,Petrol,automatic
About,Us,Terms
Suv,Petrol,automatic
Sedan,Petrol,automatic
Sedan,Petrol,automatic
Suv,Petrol,automatic
About,Us,Terms
Sedan,Petrol,automatic
Sedan,Petrol,automatic
Sedan,Petrol,automatic
Sedan,Petrol,automatic
Sedan,Petrol,automatic
Mpv,Petrol,automatic
Suv,Petrol,automatic
Sedan,Petrol,automatic
Sedan,Petrol,automatic
Sedan,Petrol,manual
Suv,Petrol,automatic
Mpv,Petrol,automatic
Sedan,Petrol,automatic
Sedan,Petrol,automatic
Suv,Petrol,automatic
Suv,Petrol,automatic
Hatchback,Petrol,manual
Sedan,Petrol,automatic
Suv,Petrol,automatic
Suv,Petrol,automatic
Mpv,Petrol,automatic
Sedan,Petrol,automatic
Suv,Petrol,automatic
Suv,Petrol,automatic
Sedan,Petrol,automatic
Mpv,Petrol,automatic
Mpv,Petrol,automatic
Hatchback,Petrol,automatic
Sedan,Petrol,automatic
Sedan,Petrol,automatic
Sedan,Petrol,automatic
Sedan,Petrol,automatic
Sedan,Petrol,automatic
Hatchback,Petrol,automatic
Suv,Petrol,automatic
Sedan,Petrol,automatic
Suv,Petrol,automatic
Suv,Petrol,automatic
Sedan,Petrol,automatic
Sedan,Petrol,automatic
Sedan,Petrol,automatic
Sedan,Petrol,automatic
About,Us,Terms
Suv,Petrol,automatic
Sedan,Petrol,automatic
Sedan,Petrol,automatic
Suv,Petrol,automatic
Sedan,Petrol,manual
Suv,Petrol,automatic
Suv,Petrol,automatic
Coupe,Petrol,automatic
Sedan,Petrol,automatic
Sedan,Petrol,automatic
Sedan,Petrol,manual
Suv,Petrol,automatic
Sedan,Petrol,automatic
Sedan,Petrol,automatic
Sedan,Petrol,automatic
Sedan,Petrol,automatic
Sedan,Petrol,automatic
Suv,Petrol,automatic
Sedan,Petrol,automatic
Sedan,Petrol,automatic
Mpv,Petrol,automatic
Sedan,Petrol,automatic
Suv,Petrol,automatic
Sedan,Petrol,automatic
Suv,Petrol,automatic
Suv,Petrol,automatic
Suv,Petrol,automatic
Suv,Petrol,automatic
Sedan,Petrol,automatic
Petrol,automatic,
Sedan,Petrol,automatic
Suv,Petrol,automatic
Suv,Petrol,automatic
Suv,Petrol,automatic
Mpv,Petrol,automatic
Hatchback,Petrol,automatic
Mpv,Petrol,automatic
Suv,Petrol,automatic
Pickup,Petrol,automatic
Sedan,Petrol,automatic
Sedan,Petrol,automatic
Sedan,Petrol,automatic
Sedan,Petrol,automatic
Mpv,Petrol,automatic
Sedan,Petrol,automatic
Suv,Petrol,automatic
Sedan,Petrol,automatic
About,Us,Terms
Suv,Petrol,automatic
Sedan,Petrol,automatic
About,Us,Terms
Petrol,automatic,
About,Us,Terms
Mpv,Petrol,automatic
Sedan,Petrol,automatic
Sedan,Petrol,automatic
Hatchback,Petrol,automatic
Petrol,automatic,
Suv,Petrol,automatic
Hatchback,Petrol,automatic
Sedan,Petrol,automatic
Sedan,Petrol,manual
Sedan,Petrol,automatic
Sedan,Petrol,automatic
About,Us,Terms
Sedan,Petrol,automatic
Sedan,Petrol,automatic
Sedan,Petrol,automatic
Sedan,Petrol,automatic
Suv,Petrol,automatic
Sedan,Petrol,automatic
Mpv,Petrol,automatic
Suv,Petrol,automatic
About,Us,Terms
Sedan,Petrol,automatic
Mpv,Petrol,automatic
Sedan,Petrol,automatic
Sedan,Petrol,automatic
Sedan,Petrol,automatic
Mpv,Petrol,automatic
Suv,Petrol,automatic
Mpv,Petrol,manual
Sedan,Petrol,automatic
Mpv,Petrol,automatic
Crossover,Petrol,automatic
Sedan,Petrol,automatic
Sedan,Petrol,automatic
Sedan,Petrol,automatic
Sedan,Petrol,automatic
Suv,Petrol,automatic
Hatchback,Petrol,automatic
Sedan,Petrol,automatic
Suv,Petrol,automatic
Sedan,Petrol,automatic
Suv,Petrol,automatic
Sedan,Petrol,automatic
Sedan,Petrol,automatic
Bus,Diesel,manual
Sedan,Petrol,automatic
Mpv,Petrol,automatic
Mpv,Petrol,automatic
Suv,Petrol,automatic
Suv,Petrol,automatic
Mpv,Petrol,automatic
Mpv,Petrol,automatic
Sedan,Petrol,automatic
Sedan,Petrol,automatic
About,Us,Terms
Hatchback,Petrol,automatic
Sedan,Petrol,automatic
Sedan,Petrol,automatic
Suv,Petrol,automatic
Truck,Diesel,manual
About,Us,Terms
Mpv,Petrol,automatic
Crossover,Petrol,automatic
Sedan,Petrol,automatic
Mpv,Petrol,automatic
About,Us,Terms
Suv,Petrol,automatic
Sedan,Petrol,automatic
Sedan,Petrol,automatic
Suv,Petrol,automatic
Sedan,Petrol,automatic
About,Us,Terms
Mpv,Petrol,automatic
Sedan,Petrol,automatic
Suv,Petrol,automatic
Mpv,Petrol,automatic
Mpv,Petrol,automatic
Suv,Petrol,automatic
Sedan,Petrol,automatic
Sedan,Petrol,automatic
Sedan,Petrol,automatic
Sedan,Petrol,automatic
Sedan,Petrol,automatic
Sedan,Petrol,automatic
Sedan,Petrol,automatic
Truck,Diesel,manual
Sedan,Petrol,automatic
Suv,Petrol,automatic
Suv,Petrol,automatic
Sedan,Petrol,automatic
Sedan,Petrol,automatic
Suv,Petrol,automatic
Sedan,Petrol,automatic
Mpv,Petrol,automatic
Sedan,Petrol,automatic
Sedan,Petrol,automatic
Suv,Petrol,automatic
Suv,Petrol,automatic
Sedan,Petrol,automatic
Suv,Petrol,automatic
Suv,Petrol,automatic
Sedan,Petrol,automatic
Suv,Petrol,automatic
Sedan,Petrol,automatic
Sedan,Petrol,automatic
Sedan,Petrol,automatic
Mpv,Petrol,automatic
Hatchback,Petrol,manual
Suv,Petrol,automatic
Suv,Petrol,automatic
Suv,Petrol,automatic
Sedan,Petrol,automatic
Suv,Petrol,automatic
Sedan,Petrol,automatic
Sedan,Petrol,automatic
Sedan,Petrol,automatic
Hatchback,Petrol,automatic
Sedan,Petrol,automatic
Mpv,Petrol,automatic
Sedan,Petrol,automatic
Sedan,Petrol,automatic
Sedan,Petrol,automatic
About,Us,Terms
Mpv,Petrol,automatic
Hatchback,Petrol,automatic
Suv,Petrol,automatic
Sedan,Petrol,automatic
Sedan,Petrol,automatic
Sedan,Petrol,
Suv,Petrol,automatic
Sedan,Petrol,automatic
Sedan,Petrol,automatic
Sedan,Petrol,automatic
Sedan,Petrol,automatic
Sedan,Petrol,automatic
About,Us,Terms
Coupe,Petrol,automatic
Suv,Petrol,automatic
Sedan,Petrol,automatic
Suv,Petrol,automatic
Suv,Petrol,automatic
Sedan,Petrol,automatic
Sedan,Petrol,automatic
Suv,Petrol,automatic
Sedan,Petrol,manual
Hatchback,Petrol,automatic
Suv,Petrol,manual
Suv,Petrol,automatic
Sedan,Petrol,automatic
Sedan,Petrol,automatic
Sedan,Petrol,manual
Sedan,Petrol,automatic
,missing,automatic
Suv,Petrol,automatic
Mpv,Petrol,automatic
Suv,Petrol,automatic
Suv,Petrol,automatic
Coupe,Petrol,automatic
Hatchback,Petrol,automatic
Suv,Petrol,automatic
Suv,Petrol,automatic
Sedan,Petrol,automatic
Suv,Petrol,automatic
Sedan,Petrol,automatic
Mpv,Petrol,automatic
About,Us,Terms
Sedan,Petrol,automatic
Sedan,Petrol,manual
Mpv,Petrol,automatic
Sedan,Petrol,automatic
Sedan,Petrol,automatic
Sedan,Petrol,automatic
Mpv,Petrol,automatic
Sedan,Petrol,automatic
About,Us,Terms
Mpv,Petrol,automatic
Sedan,Petrol,manual
Suv,Petrol,automatic
Suv,Petrol,automatic
Sedan,Petrol,automatic
Mpv,Petrol,automatic
Suv,Petrol,automatic
Sedan,Petrol,automatic
Sedan,Petrol,automatic
Sedan,Petrol,automatic
Sedan,Petrol,automatic
Sedan,Petrol,automatic
About,Us,Terms
Mpv,Petrol,automatic
Suv,Petrol,automatic
Mpv,Petrol,automatic
Sedan,Petrol,automatic
Suv,Petrol,automatic
Sedan,Petrol,automatic
Sedan,Petrol,automatic
Sedan,Petrol,automatic
Sedan,Petrol,automatic
Sedan,Petrol,automatic
Sedan,Petrol,automatic
Suv,Petrol,automatic
Sedan,Petrol,automatic
Sedan,Petrol,automatic
Suv,Petrol,duplex
Sedan,Petrol,automatic
Sedan,Petrol,manual
Sedan,Petrol,automatic
Suv,Petrol,automatic
Sedan,Petrol,automatic
Mpv,Petrol,automatic
Petrol,automatic,
Sedan,Petrol,automatic
Suv,Petrol,automatic
Sedan,Petrol,automatic
Sedan,Petrol,automatic
Suv,Petrol,automatic
Hatchback,Petrol,automatic
Sedan,Petrol,automatic
Sedan,Petrol,automatic
Sedan,Petrol,automatic
Suv,Petrol,automatic
Sedan,Petrol,automatic
Sedan,Petrol,automatic
Sedan,Petrol,automatic
Mpv,Petrol,automatic
Sedan,Petrol,automatic
Mpv,Petrol,automatic
Sedan,Petrol,automatic
Suv,Petrol,automatic
Sedan,Petrol,automatic
Sedan,Petrol,automatic
Petrol,automatic,
Suv,Petrol,automatic
Sedan,Petrol,automatic
Suv,Petrol,automatic
Sedan,Hybrid,automatic
Suv,Petrol,automatic
Suv,Petrol,automatic
Sedan,Petrol,automatic
Mpv,Petrol,automatic
Suv,Petrol,automatic
Sedan,Petrol,manual
Sedan,Petrol,automatic
About,Us,Terms
Suv,Petrol,automatic
Suv,Petrol,automatic
Sedan,Petrol,automatic
About,Us,Terms
Mpv,Petrol,automatic
Suv,Petrol,automatic
Sedan,Petrol,automatic
Suv,Petrol,automatic
Sedan,Petrol,automatic
Mpv,Petrol,automatic
Sedan,Petrol,automatic
Sedan,Petrol,automatic
Sedan,Petrol,automatic
Sedan,Petrol,automatic
Suv,Petrol,automatic
Suv,Petrol,automatic
Suv,Petrol,automatic
Sedan,Petrol,automatic
Mpv,Petrol,automatic
Sedan,Petrol,automatic
Sedan,Petrol,automatic
Mpv,Petrol,automatic
Sedan,Petrol,automatic
Sedan,Petrol,automatic
Suv,Petrol,automatic
Sedan,Petrol,automatic
Sedan,Petrol,automatic
Sedan,Petrol,automatic
Pickup,Petrol,automatic
Suv,Petrol,automatic
Suv,Diesel,automatic
Coupe,Petrol,automatic
Sedan,Petrol,automatic
Sedan,Petrol,automatic
Suv,Petrol,automatic
Suv,Petrol,duplex
Suv,Petrol,automatic
Suv,Petrol,automatic
Sedan,Petrol,automatic
Sedan,Petrol,automatic
Suv,Petrol,automatic
Suv,Petrol,automatic
Sedan,Petrol,automatic
About,Us,Terms
Sedan,Petrol,automatic
Suv,Petrol,automatic
About,Us,Terms
Sedan,Petrol,automatic
Suv,Petrol,automatic
Sedan,Petrol,automatic
Suv,Petrol,automatic
Suv,Petrol,automatic
Sedan,Petrol,automatic
About,Us,Terms
Sedan,Petrol,automatic
Suv,Petrol,automatic
Sedan,Petrol,automatic
Sedan,Petrol,automatic
Sedan,Petrol,automatic
Sedan,Petrol,automatic
Sedan,Petrol,automatic
Suv,Petrol,automatic
Suv,Petrol,automatic
Sedan,Petrol,automatic
Suv,Petrol,automatic
Mpv,Petrol,automatic
Suv,Petrol,automatic
Sedan,Petrol,automatic
Suv,Petrol,automatic
Hatchback,Petrol,automatic
Truck,Diesel,manual
Sedan,Petrol,automatic
Sedan,Petrol,automatic
Mpv,Petrol,automatic
Suv,Petrol,automatic
Mpv,Petrol,automatic
Sedan,Petrol,automatic
Coupe,Petrol,automatic
Sedan,Petrol,automatic
Suv,Petrol,automatic
Sedan,Petrol,automatic
Sedan,Petrol,automatic
Sedan,Petrol,automatic
Sedan,Petrol,automatic
Suv,Petrol,automatic
Sedan,Petrol,automatic
Sedan,Petrol,automatic
Suv,Petrol,automatic
Coupe,Petrol,automatic
About,Us,Terms
Suv,Petrol,automatic
Sedan,Petrol,automatic
Sedan,Petrol,automatic
Sedan,Petrol,automatic
Sedan,Petrol,manual
Sedan,Petrol,automatic
Sedan,Petrol,automatic
About,Us,Terms
Sedan,Petrol,manual
Sedan,Petrol,automatic
Suv,Petrol,automatic
Sedan,Petrol,automatic
Sedan,Petrol,automatic
About,Us,Terms
Sedan,Petrol,automatic
Suv,Petrol,automatic
Sedan,Petrol,automatic
Sedan,Petrol,automatic
Sedan,Petrol,automatic
Sedan,Hybrid,automatic
Sedan,Petrol,automatic
Sedan,Petrol,automatic
About,Us,Terms
Sedan,Petrol,automatic
Sedan,Petrol,automatic
Truck,Petrol,automatic
About,Us,Terms
Suv,Petrol,automatic
Hatchback,Petrol,automatic
Sedan,Petrol,automatic
Suv,Petrol,automatic
Suv,Petrol,automatic
About,Us,Terms
About,Us,Terms
Suv,Petrol,automatic
Hatchback,Petrol,automatic
Suv,Petrol,automatic
Sedan,Petrol,automatic
Suv,Petrol,automatic
Sedan,Petrol,automatic
Hatchback,Petrol,manual
Suv,Petrol,automatic
Mpv,Petrol,automatic
Sedan,Petrol,automatic
Suv,Petrol,automatic
Sedan,Petrol,manual
Suv,Petrol,automatic
Sedan,Petrol,automatic
Sedan,Petrol,automatic
Sedan,Petrol,automatic
Suv,Petrol,automatic
Suv,Petrol,automatic
Sedan,Petrol,automatic
Sedan,Petrol,automatic
Sedan,Petrol,automatic
Sedan,Petrol,automatic
Sedan,Petrol,automatic
Sedan,Petrol,automatic
Sedan,Petrol,automatic
Sedan,Petrol,automatic
Sedan,Petrol,automatic
Suv,Petrol,automatic
Sedan,Petrol,automatic
Suv,Petrol,automatic
Sedan,Petrol,manual
Suv,Petrol,automatic
About,Us,Terms
Sedan,Petrol,automatic
Hatchback,Petrol,automatic
Mpv,Petrol,automatic
Sedan,Petrol,automatic
Petrol,automatic,
Suv,Petrol,automatic
Suv,Petrol,automatic
Sedan,Petrol,automatic
Sedan,Petrol,automatic
Petrol,automatic,
Petrol,automatic,
Suv,Petrol,automatic
Sedan,Petrol,automatic
Suv,Petrol,automatic
Hatchback,Petrol,manual
Suv,Petrol,manual
Hatchback,Petrol,automatic
Sedan,Petrol,automatic
Suv,Petrol,automatic
Sedan,Petrol,automatic
Hatchback,Petrol,automatic
Sedan,Petrol,automatic
About,Us,Terms
Petrol,automatic,
Sedan,Petrol,automatic
Sedan,Petrol,automatic
Suv,Petrol,automatic
Hatchback,Petrol,automatic
Sedan,Petrol,automatic
Suv,Petrol,automatic
Sedan,Petrol,automatic
Hatchback,Petrol,automatic
Sedan,Petrol,automatic
Sedan,Petrol,automatic
Sedan,Petrol,automatic
Hatchback,Petrol,automatic
Sedan,Petrol,automatic
Petrol,automatic,
Sedan,Petrol,automatic
About,Us,Terms
Suv,Petrol,automatic
Sedan,Petrol,automatic
Suv,Petrol,automatic
Sedan,Petrol,automatic
Sedan,Petrol,automatic
Suv,Petrol,automatic
Suv,Petrol,automatic
Petrol,automatic,
Sedan,Petrol,automatic
Sedan,Petrol,automatic
Suv,Petrol,automatic
Sedan,Petrol,automatic
Sedan,Petrol,automatic
Sedan,Petrol,automatic
Sedan,Petrol,automatic
Sedan,Petrol,automatic
Suv,Petrol,automatic
Suv,Petrol,automatic
Pickup,Petrol,manual
Sedan,Petrol,automatic
Sedan,Petrol,automatic
Mpv,Petrol,manual
Suv,Petrol,automatic
Sedan,Petrol,automatic
Suv,Petrol,automatic
Sedan,Petrol,automatic
Suv,Petrol,automatic
About,Us,Terms
Suv,Petrol,automatic
Suv,Petrol,automatic
Suv,Petrol,automatic
Sedan,Petrol,automatic
Suv,Petrol,automatic
Sedan,Petrol,automatic
Sedan,Petrol,automatic
Hatchback,Petrol,manual
Mpv,Petrol,automatic
Suv,Petrol,automatic
Sedan,Petrol,automatic
Sedan,Petrol,automatic
Suv,Petrol,automatic
Suv,Petrol,automatic
Suv,Petrol,automatic
Suv,Petrol,automatic
Sedan,Petrol,automatic
Sedan,Petrol,automatic
Suv,Petrol,automatic
Hatchback,Petrol,automatic
Mpv,Petrol,automatic
Sedan,Petrol,automatic
Sedan,Petrol,manual
Sedan,Petrol,automatic
Sedan,Petrol,automatic
Sedan,Petrol,automatic
Sedan,Petrol,automatic
About,Us,Terms
Pickup,Petrol,manual
Sedan,Petrol,automatic
Suv,Petrol,automatic
Sedan,Petrol,automatic
Mpv,Petrol,automatic
Sedan,Petrol,automatic
Sedan,Petrol,automatic
Mpv,Petrol,automatic
Sedan,Petrol,manual
Mpv,Petrol,automatic
Mpv,Petrol,automatic
Suv,Petrol,automatic
Sedan,Petrol,manual
Sedan,Petrol,automatic
Suv,Petrol,automatic
Hatchback,Petrol,automatic
Sedan,Petrol,automatic
Sedan,Petrol,automatic
Sedan,Petrol,automatic
Sedan,Petrol,automatic
Sedan,Petrol,automatic
Petrol,automatic,
Suv,Petrol,automatic
Suv,Petrol,automatic
Sedan,Petrol,automatic
Bus,Diesel,manual
About,Us,Terms
Sedan,Petrol,automatic
Sedan,Petrol,automatic
Coupe,Petrol,automatic
Sedan,Petrol,automatic
Suv,Petrol,automatic
Sedan,Petrol,automatic
Mpv,Petrol,automatic
Sedan,Petrol,automatic
About,Us,Terms
Suv,Petrol,automatic
Mpv,Petrol,automatic
Sedan,Petrol,automatic
Suv,Petrol,automatic
Sedan,Petrol,automatic
Suv,Petrol,automatic
Sedan,Petrol,automatic
Sedan,Petrol,automatic
Sedan,Petrol,automatic
Sedan,Hybrid,automatic
Sedan,Petrol,automatic
Sedan,Petrol,automatic
Sedan,Petrol,automatic
Suv,Petrol,automatic
Sedan,Petrol,automatic
Mpv,Petrol,automatic
Sedan,Petrol,automatic
Suv,Petrol,automatic
Suv,Petrol,automatic
Suv,Petrol,automatic
Sedan,Petrol,automatic
About,Us,Terms
Sedan,Petrol,manual
Bus,Petrol,automatic
About,Us,Terms
About,Us,Terms
Suv,Petrol,automatic
Sedan,Petrol,automatic
Suv,Petrol,automatic
Hatchback,Petrol,automatic
Sedan,Petrol,automatic
Suv,Petrol,automatic
Sedan,Petrol,automatic
About,Us,Terms
Sedan,Petrol,automatic
Sedan,Petrol,automatic
Sedan,Petrol,automatic
Hatchback,Petrol,manual
Sedan,Petrol,automatic
Mpv,Petrol,automatic
About,Us,Terms
Sedan,Petrol,automatic
Mpv,Petrol,automatic
Sedan,Petrol,automatic
Sedan,Petrol,automatic
Coupe,Petrol,automatic
Mpv,Petrol,automatic
Sedan,Petrol,automatic
Sedan,Petrol,automatic
Sedan,Petrol,automatic
Petrol,automatic,
Suv,Petrol,automatic
Sedan,Petrol,automatic
Suv,Petrol,automatic
Suv,Petrol,automatic
Sedan,Petrol,automatic
Sedan,Petrol,automatic
Suv,Petrol,automatic
Suv,Petrol,automatic
Suv,Petrol,automatic
Sedan,Petrol,automatic
Sedan,Petrol,automatic
Suv,Petrol,automatic
Sedan,Petrol,automatic
Mpv,Petrol,automatic
Suv,Petrol,automatic
Suv,Petrol,automatic
Suv,Petrol,automatic
Mpv,Petrol,automatic
Suv,Petrol,automatic
Suv,Petrol,automatic
Sedan,Petrol,automatic
Mpv,Petrol,automatic
Sedan,Petrol,automatic
Coupe,Petrol,automatic
Suv,Petrol,automatic
Suv,Petrol,automatic
Suv,Petrol,automatic
Suv,Petrol,automatic
Sedan,Petrol,automatic
About,Us,Terms
Suv,Petrol,automatic
Sedan,Petrol,automatic
Suv,Petrol,automatic
Sedan,Petrol,automatic
Sedan,Petrol,automatic
Sedan,Petrol,automatic
Suv,Petrol,automatic
Suv,Petrol,automatic
Suv,Petrol,automatic
Hatchback,Petrol,automatic
Suv,Petrol,automatic
Suv,Petrol,automatic
Sedan,Petrol,automatic
Sedan,Petrol,automatic
About,Us,Terms
Sedan,Petrol,automatic
Sedan,Petrol,automatic
About,Us,Terms
Suv,Petrol,automatic
Pickup,Petrol,automatic
Sedan,Petrol,automatic
Suv,Petrol,automatic
Sedan,Petrol,automatic
Suv,Petrol,automatic
Coupe,Petrol,manual
Sedan,Petrol,automatic
Sedan,Petrol,automatic
Sedan,Petrol,automatic
About,Us,Terms
Suv,Petrol,automatic
Suv,Petrol,automatic
Sedan,Petrol,automatic
Sedan,Petrol,automatic
Sedan,Hybrid,automatic
Suv,Petrol,automatic
Suv,Petrol,automatic
Suv,Petrol,automatic
Mpv,Petrol,automatic
Sedan,Petrol,automatic
Sedan,Petrol,automatic
Sedan,Petrol,automatic
Hatchback,Petrol,manual
Petrol,automatic,
Suv,Petrol,automatic
Coupe,Petrol,automatic
About,Us,Terms
About,Us,Terms
Sedan,Petrol,automatic
Sedan,Petrol,automatic
About,Us,Terms
Sedan,Petrol,automatic
Sedan,Petrol,automatic
Suv,Petrol,automatic
Mpv,Petrol,automatic
Sedan,Petrol,automatic
Sedan,Petrol,automatic
Sedan,Petrol,automatic
Suv,Petrol,automatic
Bus,Petrol,automatic
Sedan,Petrol,automatic
Sedan,Petrol,automatic
Suv,Petrol,automatic
Hatchback,Petrol,manual
Petrol,automatic,
Sedan,Petrol,automatic
Suv,Petrol,automatic
Sedan,Petrol,automatic
Mpv,Petrol,automatic
Sedan,Petrol,automatic
Sedan,Petrol,automatic
Sedan,Petrol,automatic
Suv,Petrol,automatic
Sedan,Petrol,automatic
Sedan,Petrol,automatic
Sedan,Petrol,automatic
Suv,Petrol,automatic
Sedan,Petrol,automatic
Mpv,Petrol,automatic
Mpv,Petrol,automatic
Suv,Petrol,automatic
Suv,Petrol,automatic
Suv,Petrol,automatic
Suv,Petrol,automatic
Pickup,Petrol,automatic
Suv,Petrol,automatic
Sedan,Petrol,automatic
Suv,Petrol,automatic
Suv,Petrol,automatic
Suv,Petrol,automatic
Sedan,Petrol,automatic
Pickup,Petrol,automatic
Sedan,Petrol,automatic
Suv,Petrol,automatic
Sedan,Petrol,automatic
Sedan,Petrol,automatic
Suv,Petrol,automatic
Suv,Petrol,automatic
Suv,Petrol,automatic
Suv,Petrol,automatic
Sedan,Petrol,automatic
Sedan,Petrol,automatic
Sedan,Petrol,manual
Suv,Petrol,automatic
Sedan,Petrol,automatic
Suv,Petrol,automatic
Sedan,Petrol,automatic
Sedan,Petrol,automatic
Sedan,Petrol,automatic
About,Us,Terms
Sedan,Petrol,automatic
Suv,Petrol,automatic
Sedan,Petrol,automatic
Suv,Petrol,automatic
Suv,Petrol,automatic
Sedan,Petrol,manual
Sedan,Petrol,automatic
Sedan,Petrol,automatic
Suv,Petrol,automatic
Suv,Petrol,automatic
Suv,Petrol,automatic
Suv,Petrol,automatic
Suv,Petrol,automatic
Suv,Petrol,automatic
Sedan,Petrol,automatic
Suv,Petrol,automatic
Sedan,Petrol,automatic
Sedan,Petrol,automatic
Suv,Petrol,automatic
Sedan,Petrol,automatic
Mpv,Petrol,automatic
Mpv,Petrol,automatic
Mpv,Petrol,automatic
Suv,Petrol,automatic
Mpv,Petrol,automatic
Mpv,Petrol,automatic
Sedan,Petrol,automatic
Sedan,Petrol,automatic
Suv,Petrol,automatic
About,Us,Terms
Suv,Petrol,automatic
Sedan,Petrol,automatic
Sedan,Petrol,automatic
Suv,Petrol,automatic
Suv,Petrol,automatic
Suv,Petrol,automatic
Suv,Petrol,automatic
Sedan,Petrol,automatic
Sedan,Petrol,automatic
Sedan,Petrol,automatic
Sedan,Petrol,automatic
Sedan,Petrol,automatic
Suv,Petrol,automatic
Suv,Petrol,automatic
Sedan,Petrol,automatic
Suv,Petrol,automatic
Sedan,Petrol,automatic
Hatchback,Petrol,automatic
Sedan,Petrol,automatic
Suv,Petrol,automatic
Suv,Petrol,automatic
Sedan,Petrol,manual
Sedan,Petrol,automatic
Suv,Petrol,automatic
Mpv,Petrol,automatic
Suv,Petrol,automatic
Crossover,Petrol,automatic
Sedan,Petrol,automatic
Sedan,Petrol,automatic
Bus,Diesel,manual
Sedan,Petrol,automatic
Convertible,Petrol,automatic
Sedan,Petrol,automatic
Sedan,Petrol,automatic
Sedan,Petrol,automatic
Sedan,Petrol,automatic
Sedan,Petrol,automatic
Sedan,Petrol,automatic
Suv,Petrol,automatic
Mpv,Petrol,automatic
Sedan,Petrol,automatic
Sedan,Petrol,automatic
Suv,Petrol,automatic
Mpv,Petrol,automatic
Suv,Petrol,automatic
Hatchback,Petrol,automatic
Sedan,Petrol,manual
Sedan,Petrol,automatic
Mpv,Petrol,automatic
Sedan,Petrol,automatic
Sedan,Petrol,automatic
Sedan,Petrol,automatic
Petrol,automatic,
Bus,Diesel,manual
Hatchback,Petrol,automatic
Sedan,Petrol,automatic
Suv,Petrol,automatic
Coupe,Petrol,automatic
Suv,Petrol,automatic
Suv,Petrol,automatic
Mpv,Petrol,manual
Sedan,Petrol,automatic
Sedan,Petrol,automatic
Truck,Petrol,automatic
Suv,Petrol,automatic
Hatchback,Petrol,manual
Mpv,Petrol,automatic
Petrol,automatic,
Suv,Petrol,automatic
Mpv,Petrol,automatic
Sedan,Petrol,automatic
Suv,Petrol,automatic
Suv,Petrol,automatic
Suv,Petrol,automatic
Suv,Petrol,automatic
Suv,Petrol,automatic
Sedan,Petrol,automatic
Mpv,Petrol,automatic
Suv,Petrol,automatic
Suv,Petrol,automatic
Suv,Petrol,automatic
Sedan,Petrol,automatic
Sedan,Petrol,manual
Sedan,Petrol,automatic
Sedan,Petrol,automatic
Sedan,Petrol,automatic
Suv,Petrol,automatic
Suv,Petrol,automatic
Sedan,Petrol,automatic
Suv,Petrol,automatic
About,Us,Terms
Sedan,Petrol,automatic
Suv,Petrol,automatic
Mpv,Petrol,automatic
Mpv,Petrol,automatic
Mpv,Petrol,automatic
Suv,Petrol,automatic
Suv,Petrol,automatic
Hatchback,Petrol,manual
Suv,Petrol,automatic
Sedan,Petrol,automatic
Suv,Petrol,automatic
Sedan,Petrol,automatic
Suv,Petrol,automatic
Sedan,Petrol,automatic
Suv,Petrol,automatic
Sedan,Petrol,automatic
Sedan,Petrol,manual
Mpv,Petrol,automatic
Hatchback,Petrol,automatic
Sedan,Petrol,automatic
Suv,Petrol,automatic
Sedan,Petrol,automatic
Sedan,Petrol,automatic
Suv,Petrol,automatic
Sedan,Petrol,manual
Suv,Petrol,automatic
Suv,Petrol,automatic
Suv,Petrol,automatic
Sedan,Petrol,automatic
Sedan,Petrol,automatic
Sedan,Petrol,automatic
Crossover,Petrol,automatic
Sedan,Petrol,automatic
Petrol,automatic,
Sedan,Petrol,automatic
Sedan,Petrol,automatic
Sedan,Petrol,automatic
About,Us,Terms
Mpv,Diesel,automatic
Suv,Petrol,automatic
Sedan,Petrol,automatic
Mpv,Petrol,automatic
Suv,Petrol,automatic
Sedan,Petrol,automatic
Sedan,Petrol,automatic
About,Us,Terms
Mpv,Petrol,automatic
Sedan,Petrol,automatic
Coupe,Petrol,automatic
Sedan,Petrol,automatic
Suv,Petrol,automatic
Mpv,Petrol,automatic
Mpv,Petrol,automatic
Mpv,Petrol,automatic
Sedan,Petrol,automatic
Hatchback,Petrol,manual
Mpv,Petrol,automatic
Sedan,Petrol,automatic
Sedan,Petrol,automatic
Hatchback,Petrol,automatic
Sedan,Petrol,automatic
Sedan,Petrol,automatic
Suv,Petrol,automatic
Sedan,Petrol,automatic
Sedan,Petrol,automatic
Sedan,Petrol,automatic
Suv,Petrol,automatic
Sedan,Petrol,automatic
Suv,Petrol,automatic
Sedan,Petrol,automatic
Sedan,Petrol,automatic
Mpv,Petrol,manual
Sedan,Petrol,automatic
Mpv,Petrol,automatic
About,Us,Terms
Sedan,Petrol,automatic
Hatchback,Petrol,manual
Sedan,Petrol,automatic
Sedan,Petrol,automatic
Sedan,Petrol,automatic
Mpv,Petrol,automatic
Suv,Petrol,automatic
Sedan,Petrol,automatic
Suv,Petrol,automatic
Suv,Petrol,automatic
About,Us,Terms
Mpv,Petrol,automatic
Suv,Petrol,automatic
Sedan,Petrol,automatic
Suv,Petrol,automatic
Mpv,Petrol,automatic
Sedan,Petrol,automatic
Sedan,Petrol,automatic
Hatchback,Petrol,manual
Sedan,Petrol,automatic
Sedan,Petrol,automatic
Sedan,Hybrid,automatic
Coupe,Petrol,automatic
Mpv,Hybrid,automatic
Sedan,Petrol,manual
Sedan,Petrol,automatic
Mpv,Petrol,automatic
Sedan,Petrol,automatic
Suv,Petrol,automatic
Suv,Petrol,automatic
Suv,Petrol,automatic
About,Us,Terms
Sedan,Petrol,automatic
Sedan,Petrol,automatic
Sedan,Petrol,automatic
Sedan,Petrol,automatic
Sedan,Petrol,automatic
Sedan,Petrol,automatic
Suv,Petrol,automatic
Pickup,Petrol,automatic
Suv,Petrol,automatic
Sedan,Petrol,automatic
Sedan,Petrol,automatic
Sedan,Petrol,automatic
Suv,Petrol,automatic
Petrol,automatic,
Suv,Petrol,automatic
Sedan,Petrol,automatic
Suv,Petrol,automatic
Suv,Petrol,automatic
Hatchback,Petrol,automatic
Mpv,Petrol,automatic
Sedan,Petrol,automatic
Sedan,Petrol,automatic
Sedan,Petrol,automatic
Sedan,Petrol,automatic
Sedan,Petrol,automatic
Crossover,Petrol,automatic
Suv,Petrol,automatic
Suv,Petrol,automatic
Suv,Petrol,automatic
Sedan,Petrol,automatic
Mpv,Petrol,automatic
Suv,Petrol,automatic
Pickup,Petrol,manual
Mpv,Petrol,automatic
About,Us,Terms
Sedan,Petrol,automatic
Petrol,manual,
Hatchback,Petrol,manual
Mpv,Petrol,automatic
Sedan,Petrol,automatic
Suv,Petrol,automatic
Suv,Petrol,automatic
Sedan,Petrol,automatic
Sedan,Petrol,automatic
Petrol,automatic,
Sedan,Petrol,automatic
Sedan,Petrol,automatic
Suv,Petrol,automatic
Sedan,Petrol,automatic
Suv,Petrol,automatic
Hatchback,Petrol,manual
Mpv,Petrol,automatic
About,Us,Terms
Sedan,Petrol,automatic
Suv,Petrol,automatic
Sedan,Petrol,automatic
Suv,Petrol,automatic
Hatchback,Petrol,automatic
Sedan,Petrol,automatic
Suv,Petrol,automatic
Suv,Petrol,automatic
Suv,Petrol,automatic
Suv,Petrol,automatic
Sedan,Petrol,automatic
Petrol,automatic,
Suv,Petrol,automatic
Sedan,Petrol,automatic
Suv,Petrol,automatic
Suv,Petrol,automatic
Suv,Petrol,automatic
Sedan,Petrol,automatic
Mpv,Petrol,automatic
Sedan,Petrol,manual
About,Us,Terms
Hatchback,Petrol,automatic
Petrol,automatic,
Sedan,Petrol,automatic
Mpv,Petrol,automatic
Hatchback,Petrol,automatic
Mpv,Petrol,automatic
Sedan,Petrol,automatic
Sedan,Petrol,automatic
Suv,Petrol,automatic
Suv,Petrol,automatic
Sedan,Petrol,automatic
Sedan,Petrol,automatic
Suv,Petrol,automatic
Sedan,Petrol,automatic
Hatchback,Petrol,automatic
Suv,Petrol,automatic
Sedan,Petrol,automatic
Sedan,Petrol,automatic
Mpv,Petrol,automatic
Sedan,Petrol,automatic
Coupe,Petrol,automatic
Mpv,Petrol,automatic
About,Us,Terms
Hatchback,Petrol,manual
Suv,Petrol,automatic
About,Us,Terms
Sedan,Petrol,automatic
About,Us,Terms
Sedan,Petrol,automatic
Suv,Petrol,automatic
Mpv,Petrol,automatic
Suv,Petrol,automatic
About,Us,Terms
Sedan,Petrol,automatic
Sedan,Petrol,automatic
Suv,Petrol,automatic
Hatchback,Petrol,automatic
About,Us,Terms
Sedan,Petrol,automatic
Suv,Petrol,automatic
Sedan,Petrol,automatic
Mpv,Petrol,automatic
About,Us,Terms
Coupe,Petrol,automatic
Pickup,Petrol,automatic
Suv,Petrol,automatic
Suv,Petrol,automatic
Sedan,Petrol,automatic
Sedan,Petrol,automatic
Sedan,Petrol,automatic
Mpv,Petrol,automatic
Suv,Petrol,automatic
Mpv,Petrol,automatic
Mpv,Petrol,automatic
Suv,Petrol,automatic
Suv,Petrol,automatic
About,Us,Terms
Suv,Petrol,automatic
Coupe,Petrol,automatic
Mpv,Petrol,automatic
Sedan,Petrol,automatic
Sedan,Petrol,automatic
Sedan,Petrol,automatic
Sedan,Petrol,automatic
Sedan,Petrol,automatic
Sedan,Petrol,automatic
Sedan,Petrol,automatic
Mpv,Petrol,automatic
Mpv,Petrol,automatic
Sedan,Petrol,automatic
Sedan,Petrol,automatic
Sedan,Petrol,automatic
Crossover,Petrol,manual
Sedan,Petrol,automatic
Sedan,Petrol,automatic
Sedan,Petrol,automatic
Sedan,Petrol,automatic
Sedan,Petrol,automatic
Hatchback,Petrol,automatic
Suv,Petrol,automatic
Mpv,Petrol,automatic
Suv,Petrol,automatic
Suv,Petrol,manual
Suv,Petrol,automatic
Hatchback,Petrol,automatic
Sedan,Petrol,automatic
Sedan,Petrol,automatic
Hatchback,Petrol,automatic
About,Us,Terms
Sedan,Petrol,automatic
Crossover,Petrol,automatic
Sedan,Petrol,automatic
Suv,Petrol,automatic
Sedan,Petrol,automatic
Mpv,Petrol,automatic
Sedan,Petrol,automatic
Sedan,Petrol,automatic
Sedan,Petrol,automatic
Hatchback,Petrol,automatic
Suv,Petrol,automatic
Suv,Petrol,automatic
Suv,Petrol,automatic
Sedan,Petrol,automatic
Suv,Petrol,automatic
Sedan,Petrol,automatic
Sedan,Petrol,automatic
Sedan,Petrol,automatic
Suv,Petrol,automatic
Petrol,automatic,
Sedan,Petrol,automatic
Suv,Petrol,automatic
Sedan,Petrol,automatic
About,Us,Terms
Mpv,Petrol,automatic
Sedan,Petrol,automatic
Suv,Petrol,automatic
Coupe,Petrol,automatic
Sedan,Petrol,automatic
Suv,Petrol,automatic
Suv,Petrol,automatic
Sedan,Petrol,automatic
Pickup,Petrol,automatic
Sedan,Petrol,automatic
Sedan,Petrol,automatic
Suv,Petrol,automatic
Suv,Petrol,automatic
Sedan,Petrol,manual
Suv,Petrol,automatic
Mpv,Petrol,automatic
Sedan,Petrol,automatic
Sedan,Petrol,automatic
Sedan,Petrol,automatic
Sedan,Petrol,automatic
Sedan,Petrol,automatic
Mpv,Petrol,automatic
Hatchback,Petrol,automatic
Suv,Petrol,automatic
About,Us,Terms
Suv,Petrol,automatic
Suv,Petrol,automatic
Sedan,Petrol,automatic
Sedan,Petrol,automatic
Sedan,Petrol,automatic
Sedan,Petrol,automatic
Sedan,Petrol,automatic
Mpv,Petrol,automatic
Sedan,Petrol,manual
Petrol,manual,
Suv,Petrol,automatic
Suv,Petrol,automatic
Suv,Petrol,automatic
Sedan,Petrol,automatic
Suv,Petrol,automatic
Sedan,Petrol,automatic
Mpv,Petrol,automatic
Suv,Petrol,automatic
Petrol,automatic,
About,Us,Terms
Crossover,Petrol,automatic
Suv,Petrol,automatic
Sedan,Petrol,automatic
Suv,Petrol,automatic
Suv,Petrol,automatic
Mpv,Petrol,automatic
Sedan,Petrol,automatic
About,Us,Terms
Sedan,Petrol,automatic
Suv,Petrol,automatic
Suv,Petrol,automatic
About,Us,Terms
Sedan,Petrol,automatic
Suv,Petrol,automatic
Suv,Petrol,automatic
Mpv,Petrol,automatic
Mpv,Petrol,automatic
Sedan,Petrol,automatic
Sedan,Petrol,automatic
Sedan,Petrol,automatic
Sedan,Petrol,automatic
Sedan,Petrol,automatic
Sedan,Petrol,automatic
Sedan,Petrol,automatic
Suv,Petrol,automatic
Suv,Petrol,automatic
Sedan,Petrol,automatic
Sedan,Petrol,automatic
Mpv,Petrol,automatic
Suv,Petrol,automatic
Petrol,automatic,
Sedan,Petrol,automatic
Sedan,Petrol,automatic
Suv,Petrol,automatic
Suv,Petrol,automatic
Sedan,Petrol,automatic
Sedan,Petrol,automatic
Suv,Petrol,automatic
Suv,Petrol,automatic
Suv,Petrol,automatic
Sedan,Petrol,automatic
Sedan,Petrol,automatic
About,Us,Terms
Suv,Petrol,automatic
Petrol,automatic,
Mpv,Petrol,automatic
Sedan,Petrol,automatic
Suv,Petrol,automatic
Sedan,Petrol,automatic
About,Us,Terms
Sedan,Petrol,automatic
Truck,Petrol,automatic
Suv,Petrol,automatic
Sedan,Petrol,automatic
Sedan,Petrol,automatic
Suv,Petrol,automatic
Sedan,Petrol,automatic
About,Us,Terms
Sedan,Petrol,automatic
About,Us,Terms
Sedan,Petrol,automatic
Suv,Petrol,automatic
Suv,Petrol,automatic
Mpv,Petrol,automatic
Petrol,automatic,
Sedan,Petrol,automatic
Hatchback,Petrol,manual
Sedan,Petrol,automatic
Suv,Petrol,automatic
Suv,Petrol,automatic
Sedan,Petrol,automatic
Sedan,Petrol,automatic
Suv,Petrol,automatic
Sedan,Petrol,automatic
Crossover,Petrol,automatic
Sedan,Petrol,automatic
Sedan,Petrol,automatic
Suv,Petrol,automatic
Sedan,Petrol,manual
Hatchback,Petrol,automatic
Sedan,Petrol,automatic
Suv,Petrol,automatic
Suv,Petrol,automatic
Sedan,Petrol,automatic
Sedan,Petrol,automatic
Suv,Petrol,automatic
Sedan,Petrol,automatic
Mpv,Petrol,automatic
Sedan,Petrol,automatic
Sedan,Petrol,automatic
Suv,Petrol,automatic
Coupe,Petrol,automatic
Suv,Petrol,automatic
Sedan,Petrol,automatic
Sedan,Petrol,automatic
Suv,Petrol,automatic
Sedan,Petrol,automatic
Sedan,Petrol,automatic
Sedan,Petrol,automatic
Suv,Petrol,automatic
Sedan,Petrol,automatic
Sedan,Petrol,manual
Suv,Petrol,automatic
Suv,Petrol,automatic
Suv,Petrol,automatic
Sedan,Petrol,automatic
Sedan,Petrol,automatic
Truck,Petrol,automatic
Suv,Petrol,automatic
Sedan,Petrol,automatic
Suv,Petrol,automatic
Petrol,automatic,
Sedan,Petrol,automatic
Sedan,Petrol,automatic
Sedan,Petrol,automatic
Suv,Petrol,automatic
Sedan,Petrol,automatic
Sedan,Petrol,automatic
Sedan,Petrol,automatic
Suv,Petrol,automatic
Sedan,Petrol,automatic
Sedan,Petrol,automatic
About,Us,Terms
Sedan,Petrol,automatic
Truck,Petrol,automatic
Mpv,Petrol,automatic
Petrol,automatic,
Petrol,automatic,
Sedan,Petrol,automatic
Suv,Petrol,automatic
Petrol,automatic,
Suv,Petrol,automatic
Petrol,automatic,
Sedan,Petrol,automatic
Suv,Petrol,automatic
,missing,automatic
Sedan,Petrol,automatic
Sedan,Petrol,automatic
Sedan,Petrol,automatic
Sedan,Petrol,automatic
Sedan,Petrol,automatic
About,Us,Terms
Petrol,automatic,
Sedan,Petrol,automatic
Petrol,automatic,
Sedan,Petrol,automatic
Suv,Petrol,automatic
Sedan,Petrol,automatic
Sedan,Petrol,automatic
About,Us,Terms
About,Us,Terms
Suv,Petrol,automatic
Sedan,Petrol,automatic
Sedan,Petrol,automatic
Suv,Petrol,automatic
Sedan,Petrol,automatic
Bus,Diesel,manual
Hatchback,Petrol,automatic
Sedan,Petrol,automatic
Sedan,Petrol,automatic
Sedan,Petrol,manual
Mpv,Petrol,automatic
Sedan,Petrol,automatic
Hatchback,Petrol,automatic
Sedan,Petrol,automatic
Suv,Petrol,automatic
Suv,Petrol,automatic
Petrol,automatic,
Sedan,Petrol,automatic
Sedan,Petrol,automatic
Sedan,Petrol,automatic
Suv,Petrol,automatic
Sedan,Petrol,automatic
Sedan,Petrol,automatic
Suv,Petrol,automatic
Suv,Petrol,automatic
Suv,Petrol,automatic
Mpv,Petrol,automatic
Sedan,Petrol,automatic
Suv,Petrol,automatic
Suv,Petrol,automatic
Suv,Petrol,automatic
Sedan,Petrol,automatic
About,Us,Terms
Sedan,Petrol,automatic
Sedan,Petrol,automatic
Mpv,Petrol,automatic
Hatchback,Petrol,manual
Sedan,Petrol,automatic
Suv,Petrol,automatic
Sedan,Petrol,automatic
Suv,Petrol,automatic
Sedan,Petrol,automatic
Suv,Petrol,automatic
Sedan,Petrol,automatic
About,Us,Terms
Bus,Diesel,manual
Sedan,Petrol,automatic
Suv,Petrol,automatic
Suv,Petrol,automatic
Sedan,Petrol,manual
Truck,Petrol,automatic
Sedan,Petrol,automatic
Sedan,Petrol,automatic
Suv,Petrol,automatic
Hatchback,Petrol,manual
About,Us,Terms
Mpv,Petrol,automatic
Suv,Petrol,automatic
Sedan,Petrol,automatic
Suv,Petrol,automatic
Suv,Petrol,automatic
Sedan,Petrol,automatic
Suv,Hybrid,automatic
Suv,Petrol,automatic
Suv,Petrol,automatic
Petrol,automatic,
Suv,Petrol,automatic
Sedan,Petrol,automatic
Sedan,Petrol,automatic
Mpv,Petrol,automatic
Truck,Petrol,automatic
Mpv,Petrol,automatic
Hatchback,Petrol,automatic
Suv,Petrol,automatic
Pickup,Petrol,automatic
About,Us,Terms
Sedan,Petrol,automatic
Sedan,Petrol,automatic
Sedan,Petrol,automatic
Sedan,Petrol,automatic
Sedan,Petrol,automatic
Sedan,Petrol,automatic
Sedan,Petrol,automatic
Sedan,Petrol,automatic
Sedan,Petrol,automatic
Sedan,Petrol,automatic
Sedan,Petrol,automatic
Suv,Petrol,automatic
Sedan,Petrol,automatic
About,Us,Terms
Suv,Petrol,automatic
Suv,Petrol,automatic
Suv,Petrol,automatic
Sedan,Petrol,automatic
Crossover,Petrol,automatic
About,Us,Terms
Sedan,Petrol,automatic
Mpv,Petrol,automatic
Suv,Petrol,automatic
Sedan,Petrol,automatic
Sedan,Petrol,automatic
Sedan,Petrol,automatic
Bus,Petrol,manual
Petrol,automatic,
Suv,Petrol,automatic
Suv,Petrol,automatic
Sedan,Petrol,automatic
Suv,Petrol,automatic
Suv,Petrol,automatic
Mpv,Petrol,automatic
Suv,Petrol,automatic
Sedan,Petrol,automatic
Sedan,Petrol,manual
Mpv,Petrol,automatic
Mpv,Petrol,automatic
Sedan,Petrol,automatic
Mpv,Petrol,automatic
Suv,Petrol,automatic
Sedan,Petrol,automatic
About,Us,Terms
Petrol,automatic,
Mpv,Petroleum,Gas
About,Us,Terms
Sedan,Petrol,automatic
Sedan,Petrol,automatic
Suv,Petrol,automatic
Suv,Petrol,automatic
Sedan,Petrol,automatic
Sedan,Petrol,automatic
Petrol,automatic,
Sedan,Petrol,automatic
Suv,Petrol,automatic
Hatchback,Petrol,automatic
Sedan,Petrol,automatic
Suv,Petrol,automatic
Suv,Petrol,automatic
Suv,Petrol,automatic
Mpv,Petrol,automatic
Sedan,Petrol,automatic
Hatchback,Petrol,manual
Suv,Petrol,automatic
Suv,Petrol,automatic
Sedan,Petrol,automatic
Suv,Petrol,automatic
Sedan,Petrol,automatic
Suv,Petrol,automatic
Sedan,Petrol,automatic
Mpv,Petrol,automatic
Hatchback,Petrol,automatic
About,Us,Terms
Sedan,Petrol,automatic
About,Us,Terms
Sedan,Petrol,automatic
Hatchback,Petrol,automatic
Sedan,Petrol,automatic
Suv,Petrol,automatic
Sedan,Petrol,automatic
Sedan,Petrol,automatic
About,Us,Terms
Sedan,Petrol,automatic
Suv,Petrol,automatic
Sedan,Petrol,automatic
Suv,Petrol,automatic
Suv,Petrol,automatic
Mpv,Petrol,automatic
Sedan,Petrol,automatic
Crossover,Petrol,automatic
Sedan,Petrol,automatic
Mpv,Petrol,automatic
Sedan,Petrol,automatic
Sedan,Petrol,automatic
Suv,Petrol,automatic
Sedan,Petrol,automatic
About,Us,Terms
Sedan,Petrol,automatic
Mpv,Petrol,automatic
Sedan,Petrol,automatic
Mpv,Petrol,automatic
Sedan,Petrol,automatic
Suv,Petrol,automatic
Suv,Petrol,automatic
Mpv,Petrol,automatic
Sedan,Petrol,automatic
Mpv,Petrol,automatic
Sedan,Petrol,automatic
Mpv,Petrol,automatic
Suv,Petrol,automatic
Suv,Petrol,automatic
Mpv,Petrol,automatic
About,Us,Terms
Sedan,Petrol,automatic
Sedan,Petrol,automatic
Sedan,Petrol,automatic
Sedan,Petrol,automatic
Sedan,Petrol,automatic
Suv,Petrol,automatic
Sedan,Petrol,automatic
Suv,Petrol,automatic
Mpv,Petrol,automatic
Sedan,Petrol,manual
Petrol,automatic,
Sedan,Petrol,automatic
Sedan,Petrol,automatic
Sedan,Petrol,automatic
Sedan,Petrol,automatic
About,Us,Terms
Suv,Petrol,automatic
Sedan,Petrol,automatic
Petrol,automatic,
About,Us,Terms
Petrol,automatic,
Sedan,Petrol,manual
Sedan,Petrol,automatic
About,Us,Terms
Suv,Petrol,automatic
Petrol,automatic,
Sedan,Petrol,automatic
Suv,Petrol,automatic
Sedan,Petrol,automatic
Sedan,Petrol,automatic
Sedan,Petrol,automatic
Sedan,Petrol,automatic
Suv,Petrol,automatic
Sedan,Petrol,automatic
Sedan,Petrol,automatic
Hatchback,Petrol,manual
Sedan,Petrol,automatic
Petrol,automatic,
Suv,Petrol,automatic
About,Us,Terms
Suv,Petrol,automatic
Suv,Petrol,automatic
Sedan,Petrol,automatic
Sedan,Petrol,automatic
Sedan,Petrol,automatic
Suv,Petrol,automatic
Mpv,Petrol,automatic
Sedan,Petrol,automatic
Sedan,Petrol,automatic
Suv,Petrol,automatic
Sedan,Petrol,automatic
Suv,Petrol,automatic
Sedan,Petrol,automatic
Mpv,Petrol,automatic
Sedan,Petrol,automatic
Sedan,Petrol,manual
Sedan,Petrol,automatic
Hatchback,Petrol,automatic
Sedan,Petrol,automatic
Sedan,Petrol,automatic
Sedan,Petrol,automatic
Petrol,automatic,
Sedan,Petrol,automatic
Suv,Petrol,automatic
About,Us,Terms
Hatchback,Petrol,manual
Sedan,Petrol,automatic
Suv,Petrol,automatic
Sedan,Petrol,automatic
Sedan,Petrol,automatic
Sedan,Petrol,automatic
Suv,Petrol,automatic
Sedan,Petrol,automatic
Sedan,Petrol,automatic
About,Us,Terms
Sedan,Petrol,automatic
Sedan,Petrol,automatic
Sedan,Petrol,automatic
Sedan,Petrol,automatic
About,Us,Terms
Sedan,Petrol,automatic
Sedan,Petrol,automatic
Suv,Petrol,automatic
Suv,Petrol,automatic
Suv,Petrol,automatic
Mpv,Petrol,automatic
Petrol,automatic,
Petrol,automatic,
Suv,Petrol,automatic
Suv,Petrol,automatic
Hatchback,Petrol,automatic
Sedan,Petrol,automatic
Sedan,Petrol,automatic
Sedan,Petrol,automatic
Hatchback,Petrol,automatic
Suv,Petrol,automatic
Sedan,Petrol,automatic
Crossover,Petrol,automatic
Mpv,Petrol,automatic
Suv,Petrol,automatic
Sedan,Petrol,automatic
Sedan,Petrol,automatic
Suv,Petrol,automatic
Sedan,Petrol,manual
Sedan,Petrol,automatic
Sedan,Petrol,automatic
Sedan,Petrol,automatic
Sedan,Petrol,automatic
Suv,Petrol,automatic
Sedan,Petrol,automatic
Sedan,Petrol,automatic
Mpv,Petrol,automatic
Suv,Petrol,automatic
Sedan,Petrol,automatic
Suv,Petrol,automatic
Sedan,Petrol,automatic
Suv,Petrol,automatic
Petrol,manual,
Suv,Petrol,automatic
Suv,Petrol,automatic
Sedan,Petrol,automatic
Petrol,automatic,
Suv,Petrol,automatic
Suv,Petrol,automatic
Sedan,Petrol,automatic
Sedan,Petrol,manual
Suv,Petrol,manual
Sedan,Petrol,automatic
Suv,Petrol,automatic
Suv,Petrol,automatic
Mpv,Petrol,automatic
Mpv,Petrol,automatic
Suv,Petrol,automatic
Sedan,Petrol,automatic
Suv,Petrol,automatic
Coupe,Petrol,automatic
Bus,Petrol,automatic
Sedan,Petrol,automatic
Suv,Petrol,automatic
Suv,Petrol,automatic
Suv,Petrol,automatic
Suv,Petrol,automatic
Sedan,Petrol,automatic
Sedan,Petrol,automatic
Sedan,Petrol,automatic
Sedan,Petrol,automatic
Mpv,Petrol,automatic
About,Us,Terms
Sedan,Petrol,automatic
Bus,Petrol,manual
Suv,Petrol,automatic
Sedan,Petrol,automatic
Sedan,Petrol,manual
Hatchback,Petrol,automatic
Mpv,Petrol,automatic
Mpv,Petrol,automatic
Sedan,Petrol,automatic
Suv,Petrol,automatic
Sedan,Petrol,automatic
Sedan,Petrol,automatic
Hatchback,Petrol,automatic
Suv,Petrol,automatic
Convertible,Petrol,automatic
Hatchback,Diesel,manual
Suv,Petrol,automatic
Suv,Petrol,automatic
Suv,Petrol,automatic
Sedan,Petrol,automatic
Suv,Petrol,automatic
Sedan,Petrol,automatic
Suv,Petrol,automatic
About,Us,Terms
Sedan,Petrol,automatic
Sedan,Petrol,automatic
Suv,Petrol,automatic
About,Us,Terms
Suv,Petrol,automatic
Sedan,Petrol,automatic
Sedan,Petrol,automatic
Petrol,automatic,
Suv,Petrol,automatic
Hatchback,Petrol,manual
Sedan,Petrol,automatic
Mpv,Petrol,automatic
Hatchback,Petrol,manual
Coupe,Petrol,automatic
Mpv,Petrol,automatic
About,Us,Terms
Sedan,Petrol,automatic
Suv,Petrol,automatic
Sedan,Petrol,automatic
Suv,Petrol,automatic
Sedan,Petrol,automatic
Sedan,Petrol,automatic
Hatchback,Petrol,automatic
Sedan,Petrol,automatic
Sedan,Petrol,automatic
Suv,Petrol,automatic
Mpv,Petrol,automatic
Sedan,Petrol,automatic
About,Us,Terms
Sedan,Petrol,automatic
Suv,Petrol,automatic
Sedan,Petrol,automatic
Sedan,Petrol,manual
Crossover,Petrol,automatic
Hatchback,Petrol,automatic
Sedan,Petrol,automatic
Sedan,Petrol,automatic
Sedan,Petrol,automatic
Sedan,Petrol,automatic
Mpv,Petrol,automatic
Hatchback,Petrol,automatic
Sedan,Petrol,manual
Sedan,Petrol,automatic
Suv,Petrol,automatic
Suv,Petrol,automatic
Suv,Petrol,automatic
Sedan,Petrol,automatic
Sedan,Petrol,automatic
Petrol,automatic,
Hatchback,Petrol,automatic
Suv,Petrol,automatic
Mpv,Petrol,automatic
Bus,Petrol,manual
Petrol,automatic,
Sedan,Hybrid,automatic
Sedan,Petrol,manual
About,Us,Terms
Sedan,Petrol,automatic
Mpv,Petrol,automatic
Sedan,Petrol,automatic
Suv,Petrol,automatic
Suv,Petrol,automatic
Mpv,Petrol,automatic
Suv,Petrol,automatic
Petrol,automatic,
Sedan,Petrol,manual
Mpv,Petrol,automatic
Suv,Petrol,automatic
Suv,Petrol,automatic
Sedan,Petrol,automatic
Mpv,Petrol,automatic
Mpv,Petrol,automatic
Bus,Petrol,automatic
Sedan,Petrol,manual
Sedan,Petrol,automatic
Sedan,Petrol,automatic
Suv,Petrol,automatic
Sedan,Petrol,automatic
Sedan,Petrol,automatic
Suv,Petrol,automatic
Bus,Petrol,manual
Sedan,Petrol,automatic
Sedan,Petrol,automatic
Sedan,Petrol,automatic
Sedan,Petrol,automatic
Suv,Petrol,automatic
Sedan,Petrol,automatic
Suv,Petrol,automatic
Suv,Petrol,automatic
Sedan,Petrol,automatic
Mpv,Petrol,automatic
Sedan,Petrol,automatic
Bus,Petrol,automatic
Hatchback,Petrol,automatic
Sedan,Petrol,automatic
Suv,Petrol,automatic
Suv,Petrol,automatic
Hatchback,Petrol,automatic
Sedan,Petrol,automatic
Mpv,Petrol,automatic
Sedan,Petrol,automatic
Sedan,Petrol,automatic
Hatchback,Petrol,automatic
Mpv,Petrol,automatic
Suv,Petrol,automatic
Sedan,Petrol,automatic
About,Us,Terms
Sedan,Petrol,automatic
Sedan,Petrol,automatic
About,Us,Terms
Suv,Petrol,automatic
Sedan,Petrol,automatic
Suv,Petrol,automatic
Petrol,automatic,
Sedan,Petrol,automatic
Sedan,Petrol,automatic
About,Us,Terms
Suv,Petrol,automatic
Suv,Petrol,automatic
Sedan,Petrol,automatic
Sedan,Petrol,automatic
Hatchback,Petrol,automatic
Suv,Petrol,automatic
Sedan,Petrol,automatic
Sedan,Petrol,automatic
Suv,Hybrid,automatic
Suv,Petrol,automatic
Suv,Petrol,automatic
Suv,Petrol,automatic
Suv,Petrol,automatic
Suv,Petrol,automatic
Sedan,Petrol,automatic
Suv,Petrol,automatic
Suv,Petrol,automatic
Suv,Petrol,automatic
Hatchback,Petrol,automatic
Mpv,Petrol,automatic
Hatchback,Petrol,manual
Suv,Petrol,automatic
Sedan,Petrol,automatic
Mpv,Petrol,automatic
Sedan,Petrol,manual
Petrol,automatic,
Petrol,automatic,
Suv,Petrol,automatic
Crossover,Petrol,automatic
Sedan,Petrol,automatic
Sedan,Petrol,automatic
Suv,Petrol,automatic
Sedan,Petrol,automatic
Sedan,Petrol,automatic
Suv,Petrol,automatic
Sedan,Petrol,automatic
Suv,Petrol,automatic
Suv,Petrol,automatic
Pickup,Petrol,automatic
Mpv,Petrol,automatic
Suv,Petrol,automatic
Mpv,Petrol,automatic
Suv,Petrol,automatic
Mpv,Petrol,automatic
Suv,Petrol,automatic
Sedan,Petrol,automatic
Suv,Petrol,automatic
Sedan,Petrol,automatic
Crossover,Petrol,automatic
Mpv,Petrol,automatic
Suv,Petrol,manual
Suv,Petrol,automatic
Mpv,Petrol,automatic
Sedan,Petrol,automatic
Sedan,Petrol,automatic
Sedan,Petrol,automatic
Sedan,Petrol,automatic
Sedan,Petrol,automatic
Truck,Petrol,automatic
Suv,Petrol,automatic
Sedan,Petrol,automatic
Suv,Petrol,automatic
Hybrid,automatic,
Suv,Petrol,automatic
Sedan,Petrol,automatic
Sedan,Petrol,automatic
Suv,Petrol,automatic
Suv,Petrol,automatic
Petrol,automatic,
Suv,Petrol,automatic
Sedan,Petrol,automatic
Suv,Petrol,automatic
Sedan,Petrol,automatic
Sedan,Petrol,manual
Sedan,Petrol,automatic
Sedan,Petrol,automatic
Suv,Petrol,automatic
Suv,Petrol,automatic
Sedan,Petrol,automatic
Sedan,Petrol,automatic
Sedan,Petrol,automatic
Suv,Petrol,automatic
Sedan,Petrol,automatic
Petrol,automatic,
Crossover,Petrol,automatic
About,Us,Terms
Sedan,Petrol,automatic
Sedan,Petrol,automatic
Sedan,Petrol,automatic
Sedan,Petrol,automatic
Suv,Petrol,automatic
Suv,Petrol,automatic
Sedan,Petrol,NULL
Petrol,automatic,
About,Us,Terms
Suv,Petrol,automatic
Suv,Petrol,automatic
Sedan,Petrol,automatic
Sedan,Petrol,automatic
Sedan,Petrol,automatic
Truck,Petrol,automatic
Sedan,Petrol,automatic
Petrol,automatic,
Hatchback,Petrol,automatic
Mpv,Petrol,automatic
Sedan,Petrol,automatic
Pickup,Petrol,automatic
Sedan,Petrol,automatic
Suv,Petrol,automatic
Crossover,Petrol,automatic
Suv,Petrol,automatic
Suv,Petrol,automatic
Sedan,Petrol,automatic
Sedan,Petrol,automatic
Suv,Petrol,automatic
Sedan,Petrol,automatic
Suv,Petrol,automatic
Suv,Petrol,automatic
Sedan,Petrol,automatic
Sedan,Petrol,automatic
Suv,Petrol,automatic
Sedan,Petrol,automatic
Sedan,Petrol,automatic
Coupe,Petrol,automatic
Suv,Petrol,automatic
Pickup,Petrol,automatic
Crossover,Petrol,automatic
Sedan,Petrol,automatic
Suv,Petrol,automatic
Sedan,Petrol,automatic
Sedan,Petrol,automatic
Hatchback,Petrol,automatic
Mpv,Petrol,automatic
Suv,Petrol,automatic
Suv,Petrol,automatic
Pickup,Petrol,automatic
Sedan,Petrol,automatic
Suv,Petrol,automatic
